["opt1","LEFT"]
["opt2","LEFT"]
("opt2","mode 1",1,"opt2",1,"transmission")
(101, 3)
1.8737028625000000e+14 9.1548352016252528e-04 -3.0891727831082205e+00
1.8749519977416666e+14 8.7387855396382037e-04 -3.1050475625799545e+00
1.8762011329833334e+14 8.3299938643504104e-04 -3.1224916760814430e+00
1.8774502682250000e+14 7.9288289085475559e-04 -3.1416995360190922e+00
1.8786994034666666e+14 7.5357213940744868e-04 -3.1628952447161018e+00
1.8799485387083334e+14 7.1511767085668013e-04 -3.1863374058256149e+00
1.8811976739500000e+14 6.7757903879459762e-04 -3.2123244808889257e+00
1.8824468091916666e+14 6.4102669513238183e-04 -3.2412005335860727e+00
1.8836959444333334e+14 6.0554426431042767e-04 -3.2733610014701644e+00
1.8849450796750000e+14 5.7123125444832900e-04 -3.3092577937424128e+00
1.8861942149166666e+14 5.3820622229273040e-04 -3.3494024617970246e+00
1.8874433501583334e+14 5.0661034309000780e-04 -3.3943653395626119e+00
1.8886924854000000e+14 4.7661120889570021e-04 -3.4447673231680511e+00
1.8899416206416666e+14 4.4840645430928338e-04 -3.5012593552300459e+00
1.8911907558833334e+14 4.2222644828229057e-04 -3.5644829432418894e+00
1.8924398911250000e+14 3.9833477438607948e-04 -3.6350039607557214e+00
1.8936890263666666e+14 3.7702460279746494e-04 -3.7132132699024041e+00
1.8949381616083334e+14 3.5860855559760184e-04 -3.7991941523405366e+00
1.8961872968500000e+14 3.4339976940979313e-04 -3.8925710181315596e+00
1.8974364320916666e+14 3.3168327817750077e-04 -3.9923760108977402e+00
1.8986855673333334e+14 3.2368008268732651e-04 -4.0969910551008244e+00
1.8999347025750000e+14 3.1951075950843743e-04 -4.2042235052996944e+00
1.9011838378166666e+14 3.1916885172421919e-04 -4.3115361120334850e+00
1.9024329730583334e+14 3.2251345861935437e-04 -4.4163839033493293e+00
1.9036821083000000e+14 3.2928437221604119e-04 -4.5165535781497308e+00
1.9049312435416666e+14 3.3913483595031190e-04 -4.6103995902271411e+00
1.9061803787833334e+14 3.5167156919883099e-04 -4.6969264482211148e+00
1.9074295140250000e+14 3.6649174844788156e-04 -4.7757354473398914e+00
1.9086786492666666e+14 3.8321067723322494e-04 -4.8468932333821328e+00
1.9099277845083334e+14 4.0147859970816814e-04 -4.9107803524974454e+00
1.9111769197500000e+14 4.2098826224209578e-04 -4.9679574386842367e+00
1.9124260549916666e+14 4.4147600903870240e-04 -5.0190643321457165e+00
1.9136751902333334e+14 4.6271906686551643e-04 -5.0647525589822058e+00
1.9149243254750000e+14 4.8453100538555698e-04 -5.1056448594374295e+00
1.9161734607166666e+14 5.0675664479062662e-04 -5.1423140036082922e+00
1.9174225959583334e+14 5.2926712269202151e-04 -5.1752741554483439e+00
1.9186717312000000e+14 5.5195545940592489e-04 -5.2049797749524735e+00
1.9199208664416666e+14 5.7473273914741547e-04 -5.2318286660520910e+00
1.9211700016833334e+14 5.9752490600338288e-04 -5.2561670224890422e+00
1.9224191369250000e+14 6.2027011790330216e-04 -5.2782951885881193e+00
1.9236682721666666e+14 6.4291658170127807e-04 -5.2984734145208172e+00
1.9249174074083334e+14 6.6542079072929835e-04 -5.3169272345606871e+00
1.9261665426500000e+14 6.8774609296173579e-04 -5.3338523041087029e+00
1.9274156778916666e+14 7.0986152777551058e-04 -5.3494186490718967e+00
1.9286648131333334e+14 7.3174087958660097e-04 -5.3637743441255319e+00
1.9299139483750000e+14 7.5336190605640539e-04 -5.3770486670059139e+00
1.9311630836166666e+14 7.7470570667707926e-04 -5.3893547879799115e+00
1.9324122188583331e+14 7.9575620433895722e-04 -5.4007920554901609e+00
1.9336613541000000e+14 8.1649971797642770e-04 -5.4114479355827232e+00
1.9349104893416666e+14 8.3692460877347657e-04 -5.4213996570772052e+00
1.9361596245833331e+14 8.5702098605276711e-04 -5.4307156078772207e+00
1.9374087598250000e+14 8.7678046164145766e-04 -5.4394565215418860e+00
1.9386578950666666e+14 8.9619594384819559e-04 -5.4476764873046459e+00
1.9399070303083331e+14 9.1526146386952450e-04 -5.4554238115506433e+00
1.9411561655500000e+14 9.3397202887854217e-04 -5.4627417542755827e+00
1.9424053007916666e+14 9.5232349715949926e-04 -5.4696691601916578e+00
1.9436544360333331e+14 9.7031247150661693e-04 -5.4762410009474749e+00
1.9449035712750000e+14 9.8793620785338665e-04 -5.4824888422055658e+00
1.9461527065166666e+14 1.0051925366236505e-03 -5.4884412470772048e+00
1.9474018417583331e+14 1.0220797947758991e-03 -5.4941241255283986e+00
1.9486509770000000e+14 1.0385967668637690e-03 -5.4995610378236979e+00
1.9499001122416666e+14 1.0547426337424778e-03 -5.5047734587671755e+00
1.9511492474833331e+14 1.0705169277739450e-03 -5.5097810084369865e+00
1.9523983827250000e+14 1.0859194936075657e-03 -5.5146016541977927e+00
1.9536475179666666e+14 1.1009504537272347e-03 -5.5192518880514365e+00
1.9548966532083331e+14 1.1156101781430699e-03 -5.5237468827415217e+00
1.9561457884500000e+14 1.1298992576650668e-03 -5.5281006295199671e+00
1.9573949236916666e+14 1.1438184803021889e-03 -5.5323260600564854e+00
1.9586440589333331e+14 1.1573688104233963e-03 -5.5364351545815280e+00
1.9598931941750000e+14 1.1705513703302382e-03 -5.5404390380700725e+00
1.9611423294166666e+14 1.1833674239999929e-03 -5.5443480660091042e+00
1.9623914646583331e+14 1.1958183627451854e-03 -5.5481719010550705e+00
1.9636405999000000e+14 1.2079056926025179e-03 -5.5519195817397957e+00
1.9648897351416666e+14 1.2196310233001750e-03 -5.5555995841740273e+00
1.9661388703833331e+14 1.2309960586386691e-03 -5.5592198776213202e+00
1.9673880056250000e+14 1.2420025881774393e-03 -5.5627879746533537e+00
1.9686371408666666e+14 1.2526524801256005e-03 -5.5663109765311907e+00
1.9698862761083331e+14 1.2629476753423627e-03 -5.5697956143527581e+00
1.9711354113500000e+14 1.2728901823713882e-03 -5.5732482864584423e+00
1.9723845465916666e+14 1.2824820734394951e-03 -5.5766750924908450e+00
1.9736336818333331e+14 1.2917254813690248e-03 -5.5800818644941685e+00
1.9748828170750000e+14 1.3006225973411687e-03 -5.5834741953548921e+00
1.9761319523166666e+14 1.3091756694713762e-03 -5.5868574648717164e+00
1.9773810875583331e+14 1.3173870021557144e-03 -5.5902368636848143e+00
1.9786302228000000e+14 1.3252589561433394e-03 -5.5936174152970288e+00
1.9798793580416666e+14 1.3327939493120158e-03 -5.5970039963532656e+00
1.9811284932833331e+14 1.3399944581076941e-03 -5.6004013553577465e+00
1.9823776285250000e+14 1.3468630196208954e-03 -5.6038141299617594e+00
1.9836267637666666e+14 1.3534022342734625e-03 -5.6072468629609604e+00
1.9848758990083331e+14 1.3596147690826076e-03 -5.6107040170949132e+00
1.9861250342500000e+14 1.3655033614903942e-03 -5.6141899887688993e+00
1.9873741694916666e+14 1.3710708237260161e-03 -5.6177091207560315e+00
1.9886233047333331e+14 1.3763200476623264e-03 -5.6212657139823570e+00
1.9898724399750000e+14 1.3812540101767366e-03 -5.6248640384318005e+00
1.9911215752166666e+14 1.3858757789557258e-03 -5.6285083432480185e+00
1.9923707104583331e+14 1.3901885187487578e-03 -5.6322028660688446e+00
1.9936198457000000e+14 1.3941954980281385e-03 -5.6359518416324548e+00
1.9948689809416666e+14 1.3979000960347668e-03 -5.6397595097041497e+00
1.9961181161833331e+14 1.4013058101918757e-03 -5.6436301223298493e+00
1.9973672514250000e+14 1.4044162638586941e-03 -5.6475679504594947e+00
1.9986163866666666e+14 1.4072352143904283e-03 -5.6515772899417476e+00
("opt2","mode 1",1,"opt1",1,"transmission")
(101, 3)
1.8737028625000000e+14 9.9999509840417788e-01 1.0954257416241052e-02
1.8749519977416666e+14 1.0000072785805876e+00 6.2627798734935361e-02
1.8762011329833334e+14 1.0000189870273917e+00 1.1430270289700994e-01
1.8774502682250000e+14 1.0000302242330881e+00 1.6597896793087955e-01
1.8786994034666666e+14 1.0000409904921812e+00 2.1765659231905585e-01
1.8799485387083334e+14 1.0000512859205377e+00 2.6933557499903799e-01
1.8811976739500000e+14 1.0000611104709614e+00 3.2101591536341284e-01
1.8824468091916666e+14 1.0000704639489990e+00 3.7269761325903772e-01
1.8836959444333334e+14 1.0000793460289004e+00 4.2438066898557258e-01
1.8849450796750000e+14 1.0000877562697092e+00 4.7606508329282010e-01
1.8861942149166666e+14 1.0000956941314494e+00 5.2775085737778005e-01
1.8874433501583334e+14 1.0001031589913958e+00 5.7943799288046649e-01
1.8886924854000000e+14 1.0001101501603147e+00 6.3112649187925673e-01
1.8899416206416666e+14 1.0001166668987382e+00 6.8281635688536146e-01
1.8911907558833334e+14 1.0001227084331556e+00 7.3450759083654316e-01
1.8924398911250000e+14 1.0001282739721151e+00 7.8620019709022415e-01
1.8936890263666666e+14 1.0001333627222027e+00 8.3789417941589184e-01
1.8949381616083334e+14 1.0001379739038505e+00 8.8958954198681084e-01
1.8961872968500000e+14 1.0001421067669298e+00 9.4128628937101300e-01
1.8974364320916666e+14 1.0001457606061184e+00 9.9298442652194041e-01
1.8986855673333334e+14 1.0001489347759693e+00 1.0446839587683276e+00
1.8999347025750000e+14 1.0001516287056780e+00 1.0963848918033796e+00
1.9011838378166666e+14 1.0001538419134872e+00 1.1480872316738553e+00
1.9024329730583334e+14 1.0001555740207106e+00 1.1997909847682033e+00
1.9036821083000000e+14 1.0001568247653336e+00 1.2514961578045962e+00
1.9049312435416666e+14 1.0001575940151510e+00 1.3032027578182317e+00
1.9061803787833334e+14 1.0001578817804302e+00 1.3549107921485171e+00
1.9074295140250000e+14 1.0001576882260417e+00 1.4066202684255598e+00
1.9086786492666666e+14 1.0001570136830393e+00 1.4583311945567341e+00
1.9099277845083334e+14 1.0001558586596691e+00 1.5100435787125515e+00
1.9111769197500000e+14 1.0001542238517593e+00 1.5617574293123733e+00
1.9124260549916666e+14 1.0001521101524740e+00 1.6134727550100989e+00
1.9136751902333334e+14 1.0001495186614127e+00 1.6651895646793595e+00
1.9149243254750000e+14 1.0001464506930171e+00 1.7169078673986444e+00
1.9161734607166666e+14 1.0001429077842532e+00 1.7686276724363044e+00
1.9174225959583334e+14 1.0001388917016063e+00 1.8203489892354665e+00
1.9186717312000000e+14 1.0001344044472698e+00 1.8720718273988035e+00
1.9199208664416666e+14 1.0001294482646010e+00 1.9237961966732318e+00
1.9211700016833334e+14 1.0001240256427844e+00 1.9755221069347664e+00
1.9224191369250000e+14 1.0001181393206919e+00 2.0272495681730831e+00
1.9236682721666666e+14 1.0001117922899345e+00 2.0789785904765790e+00
1.9249174074083334e+14 1.0001049877970800e+00 2.1307091840169936e+00
1.9261665426500000e+14 1.0000977293450568e+00 2.1824413590345353e+00
1.9274156778916666e+14 1.0000900206937109e+00 2.2341751258229392e+00
1.9286648131333334e+14 1.0000818658595128e+00 2.2859104947148112e+00
1.9299139483750000e+14 1.0000732691144252e+00 2.3376474760670707e+00
1.9311630836166666e+14 1.0000642349839288e+00 2.3893860802466080e+00
1.9324122188583331e+14 1.0000547682441929e+00 2.4411263176163516e+00
1.9336613541000000e+14 1.0000448739184074e+00 2.4928681985213608e+00
1.9349104893416666e+14 1.0000345572722813e+00 2.5446117332754787e+00
1.9361596245833331e+14 1.0000238238087109e+00 2.5963569321480824e+00
1.9374087598250000e+14 1.0000126792616235e+00 2.6481038053514019e+00
1.9386578950666666e+14 1.0000011295890179e+00 2.6998523630279405e+00
1.9399070303083331e+14 9.9998918096522083e-01 2.7516026152386774e+00
1.9411561655500000e+14 9.9997683977233742e-01 2.8033545719513144e+00
1.9424053007916666e+14 9.9996411259097273e-01 2.8551082430290760e+00
1.9436544360333331e+14 9.9995100619019506e-01 2.9068636382201896e+00
1.9449035712750000e+14 9.9993752751678633e-01 2.9586207671475448e+00
1.9461527065166666e+14 9.9992368368378703e-01 3.0103796392990017e+00
1.9474018417583331e+14 9.9990948195839124e-01 3.0621402640181885e+00
1.9486509770000000e+14 9.9989492974918193e-01 3.1139026504958927e+00
1.9499001122416666e+14 9.9988003459274222e-01 3.1656668077619203e+00
1.9511492474833331e+14 9.9986480413972967e-01 3.2174327446775113e+00
1.9523983827250000e+14 9.9984924614033677e-01 3.2692004699284922e+00
1.9536475179666666e+14 9.9983336842928561e-01 3.3209699920187252e+00
1.9548966532083331e+14 9.9981717891030419e-01 3.3727413192646178e+00
1.9561457884500000e+14 9.9980068554018930e-01 3.4245144597897310e+00
1.9573949236916666e+14 9.9978389631242059e-01 3.4762894215204119e+00
1.9586440589333331e+14 9.9976681924044664e-01 3.5280662121818733e+00
1.9598931941750000e+14 9.9974946234061612e-01 3.5798448392950339e+00
1.9611423294166666e+14 9.9973183361482754e-01 3.6316253101739209e+00
1.9623914646583331e+14 9.9971394103293110e-01 3.6834076319237328e+00
1.9636405999000000e+14 9.9969579251493090e-01 3.7351918114397105e+00
1.9648897351416666e+14 9.9967739591302129e-01 3.7869778554065032e+00
1.9661388703833331e+14 9.9965875899351064e-01 3.8387657702983802e+00
1.9673880056250000e+14 9.9963988941867077e-01 3.8905555623799679e+00
1.9686371408666666e+14 9.9962079472856602e-01 3.9423472377077822e+00
1.9698862761083331e+14 9.9960148232288970e-01 3.9941408021325135e+00
1.9711354113500000e+14 9.9958195944286776e-01 4.0459362613017422e+00
1.9723845465916666e+14 9.9956223315328463e-01 4.0977336206636101e+00
1.9736336818333331e+14 9.9954231032464347e-01 4.1495328854710491e+00
1.9748828170750000e+14 9.9952219761553940e-01 4.2013340607867589e+00
1.9761319523166666e+14 9.9950190145526929e-01 4.2531371514887351e+00
1.9773810875583331e+14 9.9948142802673634e-01 4.3049421622766770e+00
1.9786302228000000e+14 9.9946078324969234e-01 4.3567490976788310e+00
1.9798793580416666e+14 9.9943997276433572e-01 4.4085579620597235e+00
1.9811284932833331e+14 9.9941900191536193e-01 4.4603687596284072e+00
1.9823776285250000e+14 9.9939787573644212e-01 4.5121814944473497e+00
1.9836267637666666e+14 9.9937659893522679e-01 4.5639961704420564e+00
1.9848758990083331e+14 9.9935517587888134e-01 4.6158127914112068e+00
1.9861250342500000e+14 9.9933361058020698e-01 4.6676313610376194e+00
1.9873741694916666e+14 9.9931190668438585e-01 4.7194518828993912e+00
1.9886233047333331e+14 9.9929006745636806e-01 4.7712743604821695e+00
1.9898724399750000e+14 9.9926809576896658e-01 4.8230987971915278e+00
1.9911215752166666e+14 9.9924599409166504e-01 4.8749251963662257e+00
1.9923707104583331e+14 9.9922376448019024e-01 4.9267535612918056e+00
1.9936198457000000e+14 9.9920140856686712e-01 4.9785838952147685e+00
1.9948689809416666e+14 9.9917892755180016e-01 5.0304162013572906e+00
1.9961181161833331e+14 9.9915632219488548e-01 5.0822504829324124e+00
1.9973672514250000e+14 9.9913359280870351e-01 5.1340867431596546e+00
1.9986163866666666e+14 9.9911073925230076e-01 5.1859249852809848e+00
("opt1","mode 1",1,"opt2",1,"transmission")
(101, 3)
1.8737028625000000e+14 1.0002157549855590e+00 1.0975320535842693e-02
1.8749519977416666e+14 1.0002212325135551e+00 6.2647843674736789e-02
1.8762011329833334e+14 1.0002263512107246e+00 1.1432175020617794e-01
1.8774502682250000e+14 1.0002311109577069e+00 1.6599703819342079e-01
1.8786994034666666e+14 1.0002355114707779e+00 2.1767370615177678e-01
1.8799485387083334e+14 1.0002395523186185e+00 2.6935175304895337e-01
1.8811976739500000e+14 1.0002432329392028e+00 3.2103117830463568e-01
1.8824468091916666e+14 1.0002465526567981e+00 3.7271198178916715e-01
1.8836959444333334e+14 1.0002495106990126e+00 4.2439416382161865e-01
1.8849450796750000e+14 1.0002521062138507e+00 4.7607772516667796e-01
1.8861942149166666e+14 1.0002543382867419e+00 5.2776266703128660e-01
1.8874433501583334e+14 1.0002562059575397e+00 5.7944899106005843e-01
1.8886924854000000e+14 1.0002577082373583e+00 6.3113669933025585e-01
1.8899416206416666e+14 1.0002588441253291e+00 6.8282579434590984e-01
1.8911907558833334e+14 1.0002596126251329e+00 7.3451627903120553e-01
1.8924398911250000e+14 1.0002600127613348e+00 7.8620815672328270e-01
1.8936890263666666e+14 1.0002600435954572e+00 8.3790143116435079e-01
1.8949381616083334e+14 1.0002597042417642e+00 8.8959610649312737e-01
1.8961872968500000e+14 1.0002589938827018e+00 9.4129218723557539e-01
1.8974364320916666e+14 1.0002579117839898e+00 9.9298967829530704e-01
1.8986855673333334e+14 1.0002564573093016e+00 1.0446885849432443e+00
1.8999347025750000e+14 1.0002546299345072e+00 1.0963889128065893e+00
1.9011838378166666e+14 1.0002524292614494e+00 1.1480906678577132e+00
1.9024329730583334e+14 1.0002498550312180e+00 1.1997938564021098e+00
1.9036821083000000e+14 1.0002469071368953e+00 1.2514984850662620e+00
1.9049312435416666e+14 1.0002435856357192e+00 1.3032045607847849e+00
1.9061803787833334e+14 1.0002398907606784e+00 1.3549120907874628e+00
1.9074295140250000e+14 1.0002358229314661e+00 1.4066210825856014e+00
1.9086786492666666e+14 1.0002313827647917e+00 1.4583315439584703e+00
1.9099277845083334e+14 1.0002265710840281e+00 1.5100434829390521e+00
1.9111769197500000e+14 1.0002213889281486e+00 1.5617569077996465e+00
1.9124260549916666e+14 1.0002158375599481e+00 1.6134718270374586e+00
1.9136751902333334e+14 1.0002099184735356e+00 1.6651882493596997e+00
1.9149243254750000e+14 1.0002036334010553e+00 1.7169061836686315e+00
1.9161734607166666e+14 1.0001969843186236e+00 1.7686256390464916e+00
1.9174225959583334e+14 1.0001899734515127e+00 1.8203466247403448e+00
1.9186717312000000e+14 1.0001826032784771e+00 1.8720691501467954e+00
1.9199208664416666e+14 1.0001748765352916e+00 1.9237932247966352e+00
1.9211700016833334e+14 1.0001667962174663e+00 1.9755188583396639e+00
1.9224191369250000e+14 1.0001583655821065e+00 2.0272460605292215e+00
1.9236682721666666e+14 1.0001495881489453e+00 2.0789748412072342e+00
1.9249174074083334e+14 1.0001404677005135e+00 2.1307052102888320e+00
1.9261665426500000e+14 1.0001310082814761e+00 2.1824371777474845e+00
1.9274156778916666e+14 1.0001212141971099e+00 2.2341707536000794e+00
1.9286648131333334e+14 1.0001110900109311e+00 2.2859059478923065e+00
1.9299139483750000e+14 1.0001006405414787e+00 2.3376427706841532e+00
1.9311630836166666e+14 1.0000898708582586e+00 2.3893812320356305e+00
1.9324122188583331e+14 1.0000787862768594e+00 2.4411213419929330e+00
1.9336613541000000e+14 1.0000673923532311e+00 2.4928631105746355e+00
1.9349104893416666e+14 1.0000556948771706e+00 2.5446065477584758e+00
1.9361596245833331e+14 1.0000436998649891e+00 2.5963516634682571e+00
1.9374087598250000e+14 1.0000314135514121e+00 2.6480984675613386e+00
1.9386578950666666e+14 1.0000188423807013e+00 2.6998469698162548e+00
1.9399070303083331e+14 1.0000059929970373e+00 2.7515971799211436e+00
1.9411561655500000e+14 9.9999287223416811e-01 2.8033491074622403e+00
1.9424053007916666e+14 9.9997948710436013e-01 2.8551027619129625e+00
1.9436544360333331e+14 9.9996584478666561e-01 2.9068581526236938e+00
1.9449035712750000e+14 9.9995195261454217e-01 2.9586152888117874e+00
1.9461527065166666e+14 9.9993781806283266e-01 3.0103741795522416e+00
1.9474018417583331e+14 9.9992344873417249e-01 3.0621348337689045e+00
1.9486509770000000e+14 9.9990885234480598e-01 3.1138972602263015e+00
1.9499001122416666e+14 9.9989403670987897e-01 3.1656614675219683e+00
1.9511492474833331e+14 9.9987900972825094e-01 3.2174274640793716e+00
1.9523983827250000e+14 9.9986377936680793e-01 3.2691952581416079e+00
1.9536475179666666e+14 9.9984835364438041e-01 3.3209648577654329e+00
1.9548966532083331e+14 9.9983274061524319e-01 3.3727362708163868e+00
1.9561457884500000e+14 9.9981694835229618e-01 3.4245095049640590e+00
1.9573949236916666e+14 9.9980098492989256e-01 3.4762845676784093e+00
1.9586440589333331e+14 9.9978485840643450e-01 3.5280614662265819e+00
1.9598931941750000e+14 9.9976857680671705e-01 3.5798402076705078e+00
1.9611423294166666e+14 9.9975214810408730e-01 3.6316207988651104e+00
1.9623914646583331e+14 9.9973558020246589e-01 3.6834032464572113e+00
1.9636405999000000e+14 9.9971888091825667e-01 3.7351875568852759e+00
1.9648897351416666e+14 9.9970205796220912e-01 3.7869737363796871e+00
1.9661388703833331e+14 9.9968511892126100e-01 3.8387617909639027e+00
1.9673880056250000e+14 9.9966807124040613e-01 3.8905517264561702e+00
1.9686371408666666e+14 9.9965092220465934e-01 3.9423435484720648e+00
1.9698862761083331e+14 9.9963367892111366e-01 3.9941372624278171e+00
1.9711354113500000e+14 9.9961634830117374e-01 4.0459328735440874e+00
1.9723845465916666e+14 9.9959893704301395e-01 4.0977303868507402e+00
1.9736336818333331e+14 9.9958145161425749e-01 4.1495298071921738e+00
1.9748828170750000e+14 9.9956389823498226e-01 4.2013311392334529e+00
1.9761319523166666e+14 9.9954628286104363e-01 4.2531343874669840e+00
1.9773810875583331e+14 9.9952861116779634e-01 4.3049395562201020e+00
1.9786302228000000e+14 9.9951088853423820e-01 4.3567466496631013e+00
1.9798793580416666e+14 9.9949312002760204e-01 4.4085556718181707e+00
1.9811284932833331e+14 9.9947531038848936e-01 4.4603666265688489e+00
1.9823776285250000e+14 9.9945746401651381e-01 4.5121795176701269e+00
1.9836267637666666e+14 9.9943958495654972e-01 4.5639943487592891e+00
1.9848758990083331e+14 9.9942167688559580e-01 4.6158111233672603e+00
1.9861250342500000e+14 9.9940374310030256e-01 4.6676298449307883e+00
1.9873741694916666e+14 9.9938578650518628e-01 4.7194505168047813e+00
1.9886233047333331e+14 9.9936780960156901e-01 4.7712731422757706e+00
1.9898724399750000e+14 9.9934981447728322e-01 4.8230977245754625e+00
1.9911215752166666e+14 9.9933180279715894e-01 4.8749242668951531e+00
1.9923707104583331e+14 9.9931377579433445e-01 4.9267527724004605e+00
1.9936198457000000e+14 9.9929573426240081e-01 4.9785832442465976e+00
1.9948689809416666e+14 9.9927767854844163e-01 5.0304156855941757e+00
1.9961181161833331e+14 9.9925960854693008e-01 5.0822500996254210e+00
1.9973672514250000e+14 9.9924152369458086e-01 5.1340864895608025e+00
1.9986163866666666e+14 9.9922342296610867e-01 5.1859248586759463e+00
("opt1","mode 1",1,"opt1",1,"transmission")
(101, 3)
1.8737028625000000e+14 7.4368073672883184e-04 -3.0397665107269489e+00
1.8749519977416666e+14 7.0689168876791257e-04 -3.0588688204608041e+00
1.8762011329833334e+14 6.7077712772793023e-04 -3.0800233400974322e+00
1.8774502682250000e+14 6.3538481731125948e-04 -3.1035146936993216e+00
1.8786994034666666e+14 6.0077150588609826e-04 -3.1296755949012360e+00
1.8799485387083334e+14 5.6700497724401257e-04 -3.1588950652510608e+00
1.8811976739500000e+14 5.3416659248844793e-04 -3.1916272995797370e+00
1.8824468091916666e+14 5.0235441274468651e-04 -3.2284004909688089e+00
1.8836959444333334e+14 4.7168697470974642e-04 -3.2698242093453072e+00
1.8849450796750000e+14 4.4230773240119299e-04 -3.3165927261981505e+00
1.8861942149166666e+14 4.1439004194119969e-04 -3.3694797853825023e+00
1.8874433501583334e+14 3.8814229429739782e-04 -3.4293175887681620e+00
1.8886924854000000e+14 3.6381231684091194e-04 -3.4969493765138635e+00
1.8899416206416666e+14 3.4168939991475095e-04 -3.5731420410781798e+00
1.8911907558833334e+14 3.2210128577077205e-04 -3.6584457204413532e+00
1.8924398911250000e+14 3.0540249020760837e-04 -3.7529969462932558e+00
1.8936890263666666e+14 2.9195023988057121e-04 -3.8562875422054872e+00
1.8949381616083334e+14 2.8206646066428632e-04 -3.9669637240765008e+00
1.8961872968500000e+14 2.7598969696102609e-04 -4.0827597607036950e+00
1.8974364320916666e+14 2.7382836731877896e-04 -4.2006649757939698e+00
1.8986855673333334e+14 2.7553154337478281e-04 -4.3173365498178402e+00
1.8999347025750000e+14 2.8088979300051192e-04 -4.4296360386444267e+00
1.9011838378166666e+14 2.8956652831392543e-04 -4.5350887882847077e+00
1.9024329730583334e+14 3.0114764648453705e-04 -4.6321152417886218e+00
1.9036821083000000e+14 3.1519263429841945e-04 -4.7200147135241384e+00
1.9049312435416666e+14 3.3127476338701858e-04 -4.7987869662657179e+00
1.9061803787833334e+14 3.4900597559324573e-04 -4.8689007265860127e+00
1.9074295140250000e+14 3.6804812580116197e-04 -4.9310849522151834e+00
1.9086786492666666e+14 3.8811474373264752e-04 -4.9861741885173956e+00
1.9099277845083334e+14 4.0896741236257241e-04 -5.0350091894401583e+00
1.9111769197500000e+14 4.3040975916186519e-04 -5.0783809972910170e+00
1.9124260549916666e+14 4.5228088395394877e-04 -5.1170045537852236e+00
1.9136751902333334e+14 4.7444916984954214e-04 -5.1515103821537069e+00
1.9149243254750000e+14 4.9680687462516984e-04 -5.1824463158042988e+00
1.9161734607166666e+14 5.1926559805801444e-04 -5.2102841812392358e+00
1.9174225959583334e+14 5.4175257487178131e-04 -5.2354284341789921e+00
1.9186717312000000e+14 5.6420768515412685e-04 -5.2582251000241609e+00
1.9199208664416666e+14 5.8658106143570047e-04 -5.2789701890096765e+00
1.9211700016833334e+14 6.0883117958455491e-04 -5.2979172273828858e+00
1.9224191369250000e+14 6.3092333632703732e-04 -5.3152838028672953e+00
1.9236682721666666e+14 6.5282843327554819e-04 -5.3312571536772646e+00
1.9249174074083334e+14 6.7452200300869300e-04 -5.3459988900252826e+00
1.9261665426500000e+14 6.9598342613733815e-04 -5.3596489578797870e+00
1.9274156778916666e+14 7.1719529917789655e-04 -5.3723289556634208e+00
1.9286648131333334e+14 7.3814292178840256e-04 -5.3841449059504090e+00
1.9299139483750000e+14 7.5881387875585552e-04 -5.3951895719956422e+00
1.9311630836166666e+14 7.7919769746520758e-04 -5.4055443959775129e+00
1.9324122188583331e+14 7.9928556576319264e-04 -5.4152811236297893e+00
1.9336613541000000e+14 8.1907009834246121e-04 -5.4244631690846790e+00
1.9349104893416666e+14 8.3854514224330904e-04 -5.4331467645063176e+00
1.9361596245833331e+14 8.5770561411688360e-04 -5.4413819311479115e+00
1.9374087598250000e+14 8.7654736329142253e-04 -5.4492133020647318e+00
1.9386578950666666e+14 8.9506705598750016e-04 -5.4566808212786109e+00
1.9399070303083331e+14 9.1326207687811062e-04 -5.4638203398050456e+00
1.9411561655500000e+14 9.3113044498195705e-04 -5.4706641253853654e+00
1.9424053007916666e+14 9.4867074143812865e-04 -5.4772412997629036e+00
1.9436544360333331e+14 9.6588204716912260e-04 -5.4835782150048500e+00
1.9449035712750000e+14 9.8276388883430715e-04 -5.4896987783598599e+00
1.9461527065166666e+14 9.9931619174077439e-04 -5.4956247335574737e+00
1.9474018417583331e+14 1.0155392386461994e-03 -5.5013759051292270e+00
1.9486509770000000e+14 1.0314336335588308e-03 -5.5069704112479680e+00
1.9499001122416666e+14 1.0470002698128400e-03 -5.5124248496858055e+00
1.9511492474833331e+14 1.0622403018105803e-03 -5.5177544607680291e+00
1.9523983827250000e+14 1.0771551199450751e-03 -5.5229732705630985e+00
1.9536475179666666e+14 1.0917463282714346e-03 -5.5280942170784906e+00
1.9548966532083331e+14 1.1060157246072359e-03 -5.5331292617776171e+00
1.9561457884500000e+14 1.1199652827651417e-03 -5.5380894883950935e+00
1.9573949236916666e+14 1.1335971366732334e-03 -5.5429851907437486e+00
1.9586440589333331e+14 1.1469135662120116e-03 -5.5478259509349730e+00
1.9598931941750000e+14 1.1599169845677359e-03 -5.5526207092460851e+00
1.9611423294166666e+14 1.1726099270033213e-03 -5.5573778266900264e+00
1.9623914646583331e+14 1.1849950409004747e-03 -5.5621051411780904e+00
1.9636405999000000e+14 1.1970750769897578e-03 -5.5668100180705098e+00
1.9648897351416666e+14 1.2088528817022766e-03 -5.5714993957619239e+00
1.9661388703833331e+14 1.2203313905507546e-03 -5.5761798269004226e+00
1.9673880056250000e+14 1.2315136224981193e-03 -5.5808575157281926e+00
1.9686371408666666e+14 1.2424026752675689e-03 -5.5855383519787001e+00
1.9698862761083331e+14 1.2530017215470889e-03 -5.5902279417057210e+00
1.9711354113500000e+14 1.2633140060593052e-03 -5.5949316353724363e+00
1.9723845465916666e+14 1.2733428434585652e-03 -5.5996545534726732e+00
1.9736336818333331e+14 1.2830916170426653e-03 -5.6044016099422542e+00
1.9748828170750000e+14 1.2925637782391823e-03 -5.6091775335634342e+00
1.9761319523166666e+14 1.3017628468587014e-03 -5.6139868875516550e+00
1.9773810875583331e+14 1.3106924120863106e-03 -5.6188340874790308e+00
1.9786302228000000e+14 1.3193561341918662e-03 -5.6237234176806474e+00
1.9798793580416666e+14 1.3277577469465477e-03 -5.6286590462559953e+00
1.9811284932833331e+14 1.3359010607199965e-03 -5.6336450387710153e+00
1.9823776285250000e+14 1.3437899662361802e-03 -5.6386853707479609e+00
1.9836267637666666e+14 1.3514284389791915e-03 -5.6437839390243134e+00
1.9848758990083331e+14 1.3588205442035275e-03 -5.6489445720295350e+00
1.9861250342500000e+14 1.3659704425552145e-03 -5.6541710390571307e+00
1.9873741694916666e+14 1.3728823962631071e-03 -5.6594670585455349e+00
1.9886233047333331e+14 1.3795607758536159e-03 -5.6648363054406499e+00
1.9898724399750000e+14 1.3860100674084935e-03 -5.6702824176335449e+00
1.9911215752166666e+14 1.3922348802837196e-03 -5.6758090015264022e+00
1.9923707104583331e+14 1.3982399552932869e-03 -5.6814196367254590e+00
1.9936198457000000e+14 1.4040301732965237e-03 -5.6871178798751512e+00
1.9948689809416666e+14 1.4096105641676377e-03 -5.6929072676590415e+00
1.9961181161833331e+14 1.4149863160915202e-03 -5.6987913189421047e+00
1.9973672514250000e+14 1.4201627851619281e-03 -5.7047735360842990e+00
1.9986163866666666e+14 1.4251455052046638e-03 -5.7108574053997758e+00
